
Rulare dinamic 
N_Threads = 1 
113.265 
113.053 
112.614 

N_Threads = 2 
112.976 
111.967 
243.014 
193.925 
247.259 
224.429 
223.418 
243.601 
248.769 


N_Threads = 3 
187.021 
258.433 
234.775 
225.4 
246.393 
242.741 
249.052 
245.226 
246.041 
236.95 


N_Threads = 4 
250.247 
273.865 
252.778 
249.75 
241.978 
253.685 
264.973 
252.842 
256.902 
236.866 

N_Threads = 5 
249.167 
242.596 
245.472 
243.643 
248.522 
245.22 
236.145 
244.846 
243.657 
239.956 

N_Threads = 6 
244.963 
245.562 
239.37 
248.133 
244.047 
247.787 
241.221 
250.174 
241.259 
250.24 

N_Threads = 7 
244.445 
254.23 
245.129 
245.034 
243.93 
242.672 
241.356 
244.585 
247.08 
240.691 

N_Threads = 8 
245.812 
257.88 
246.795 
243.43 
258.56 
244.017 
249.071 
242.384 
243.361 
240.032 

N_Threads = 9 
249.46 
252.638 
249.515 
249.612 
245.511 
248.695 
254.329 
246.579 
250.458 
244.241 

N_Threads = 10 




Image opened fine!
Rulare dinamic 
N_Threads = 1 
245.346 
246.853 
244.734 
N_Threads = 2 
276.373 
293.08 
294.626 
N_Threads = 3 
278.109 
311.23 
288.997 
N_Threads = 4 
298.741 
294.828 
302.773 
N_Threads = 5 
280.693 
268.893 
281.7 
N_Threads = 6 
Image opened fine!
